# Offset date time
odt1 = 1979-05-27T07:32:00Z
odt2 = 1979-05-27T00:32:00-07:00
odt3 = 1979-05-27T00:32:00.5-07:00
odt4 = 1979-05-27T00:32:00.999999-07:00

odt5 = 1979-05-27 07:32:00Z

odt6 = 1979-05-27 07:32Z
odt7 = 1979-05-27 07:32-07:00

# Local date time
ldt1 = 1979-05-27T07:32:00
ldt2 = 1979-05-27T07:32:00.5
ldt3 = 1979-05-27T00:32:00.999999

ldt4 = 1979-05-27T07:32

# Local date
ld1 = 1979-05-27

# Local time
lt1 = 07:32:00
lt2 = 00:32:00.5
lt3 = 00:32:00.999999

lt4 = 07:32
